59.999942779541016
80.00001907348633
-9087.060546875
12303.84693145752
11082.990837097168
-2216.5069580078125
-10139.96868133545
-16671.416091918945
-17850.659561157227
-17921.939086914062
-10445.390510559082
-9981.540298461914
-4473.238754272461
117.55714416503906
271.50421142578125
-3499.798583984375
-3169.485855102539
-8119.817352294922
5312.662506103516
-377.04124450683594
4420.378112792969
24617.672538757324
26270.27359008789
35059.39865112305
36140.6099319458
28062.914657592773
12880.01880645752
36841.79058074951
27911.289024353027
27617.23346710205
43546.30870819092
27761.816787719727
35460.72998046875
31556.625938415527
31368.202209472656
34904.5711517334
27506.244468688965
34722.281074523926
34275.85563659668
25283.852767944336
29821.192932128906
31213.55972290039
31742.06256866455
26892.41313934326
29921.88892364502
28060.62068939209
29772.69992828369
29450.160789489746
29833.257484436035
34796.49829864502
30757.835960388184
31605.819129943848
34548.71120452881
28688.25168609619
33957.87601470947
31393.513679504395
31698.22483062744
26928.606605529785
35888.271141052246
33291.39270782471
32186.53450012207
30978.33652496338
28876.905059814453
29222.368049621582
24503.834342956543
35688.37375640869
31691.710090637207
33351.7541885376
30545.327186584473
31907.435417175293
28751.195907592773
31124.22161102295
34829.451179504395
27946.835136413574
31278.164100646973
30368.137550354004
33357.0219039917
30728.2564163208
35145.05367279053
32288.30451965332
32187.692832946777
32275.572776794434
36598.38161468506
32195.25203704834
38153.06301116943
35585.149574279785
36126.24340057373
31370.406913757324
28473.634338378906
20859.990882873535
23129.949378967285
32005.829429626465
27139.872360229492
20903.34529876709
19831.783294677734
18894.423866271973
31669.92473602295
20881.817054748535
17852.83966064453
19307.43465423584
20917.80414581299
17312.367820739746
30656.990814208984
31476.180267333984
20940.727424621582
23438.013076782227
20962.764167785645
18322.028350830078
16403.131675720215
19693.82839202881
21977.430534362793
25466.534423828125
14585.693740844727
21838.383865356445
20910.95199584961
20085.988807678223
24838.47713470459
22960.62717437744
20298.200798034668
16103.896141052246
25879.584884643555
26882.85255432129
26109.72137451172
25461.10954284668
32509.51099395752
31029.342079162598
36251.95789337158
31516.7911529541
33534.12284851074
35895.10917663574
23737.921142578125
30218.21632385254
33939.73426818848
29131.99577331543
37169.734954833984
33349.04747009277
20864.123916625977
17975.782012939453
22728.69167327881
25031.074142456055
16913.80958557129
19281.114959716797
25160.796546936035
34810.285568237305
33153.2413482666
36891.962814331055
36652.89268493652
27872.336387634277
28090.176010131836
33128.16200256348
20907.1044921875
23430.659103393555
31443.37978363037
36849.85237121582
35147.33600616455
17559.077835083008
36831.95667266846
20321.850967407227
34483.72802734375
33767.78793334961
36319.11315917969
33658.02574157715
32491.773223876953
36828.181076049805
33669.687843322754
22806.34651184082
22403.32145690918
39240.14415740967
35384.04655456543
26368.084716796875
20374.32346343994
18596.743202209473
36739.886474609375
30182.884979248047
38860.91499328613
38121.371269226074
28667.525672912598
37667.82169342041
30828.49006652832
37643.442726135254
21121.72679901123
19999.770736694336
27309.163284301758
27594.347190856934
27719.418907165527
26946.979904174805
35508.095359802246
20488.768005371094
19844.435119628906
36855.043029785156
37697.645568847656
37841.08200073242
39141.61739349365
38192.091369628906
36705.6095123291
27537.509536743164
24095.871353149414
28429.18815612793
41372.00469970703
17974.542236328125
25155.854606628418
24766.132736206055
37076.46942138672
34865.99655151367
37132.3787689209
29574.668502807617
37623.87580871582
-37.95146942138672
